147
0	0	0	0	0011	0	0	0	0	0001	010	00000000000000000000000000001111	00000000000000000010100000010000	00000000000000000000000000000000	11110000111100000000000011110000

inc r1
000000110000001101000000000000000000000000000001111000000000000000000010000001000000000000000000000000000000000000011110000111100000000000011110000

dec r2
000000110000010001000000000000000000000000000001111000000000000000000011000001000000000000000000000000000000000000011110000111100000000000011110000
in port
000000111000000101000000000000000000000000000001111000000000000000000101000000100000000000000000000000000000000000011110000111100000000000011110000

